0	1	1	15.4	0	0
1	21	21	24.6	0	0
2	41	41	44.6	0	0
3	51	51	60.49	0	0
5	55	55	61.33	0	0
6	56	56	63.92	0	0
14	68	68	87.34	0	0
15	70	70	95.11	0	0
16	71	71	98.74	0	0
17	73	73	106.28	0	0.05
47	99	99	109.1	0	0.02
19	74	74	110.26	0	0.06
20	75	75	113.58	0	0.06
21	75	75	113.58	0	0.06
22	75	75	113.58	0	0.06
24	77	77	119.21	0	0.07
25	77	77	119.21	0	0.07
26	78	78	121.76	0	0.07
27	79	79	124.11	0	0.07
28	80	80	126.41	0	0.08
30	82	82	131.32	0.01	0.08
32	84	84	136.06	0.01	0.08
33	85	85	138.5	0.01	0.09
34	87	87	143.24	0.01	0.09
39	88	88	145.26	0.01	0.09
40	89	89	147.38	0.01	0.1
41	90	90	149.52	0.01	0.1
18	74	74	151.7	0.01	0.13
42	92	92	153.9	0.01	0.1
76	128	128	154.52	0	0.04
108	156	156	156.32	0	0
72	127	127	159.43	0	0.05
44	95	95	160.57	0.01	0.11
77	128	128	160.89	0	0.05
45	98	98	167.24	0.01	0.11
106	153	153	172.34	0	0.03
49	101	101	173.7	0.01	0.12
111	157	157	176.78	0	0.03
53	105	105	182	0.01	0.13
55	106	106	183.92	0.01	0.13
31	82	82	186.24	0.01	0.17
119	171	171	191.34	0	0.03
120	171	171	191.34	0	0.03
121	174	174	194.35	0	0.03
61	114	114	198.72	0.01	0.14
88	138	138	202.45	0.01	0.11
126	187	187	208.34	0	0.03
128	190	190	211.56	0	0.04
67	122	122	213.82	0.01	0.15
68	123	123	215.68	0.01	0.15
131	194	194	215.84	0	0.04
133	196	196	217.94	0	0.04
134	198	198	220	0	0.04
43	95	95	224.12	0.01	0.21
137	202	202	224.12	0	0.04
138	204	204	226.09	0	0.04
140	208	208	230.28	0	0.04
80	132	132	231	0.01	0.16
81	133	133	232.74	0.01	0.16
83	134	134	234.47	0.01	0.16
84	134	134	234.47	0.01	0.16
85	134	134	234.47	0.01	0.16
87	138	138	240.46	0.01	0.17
144	218	218	240.57	0	0.04
146	223	223	246.26	0	0.04
90	143	143	248.23	0.01	0.17
149	225	225	248.57	0	0.04
51	105	105	249.7	0.01	0.24
92	144	144	250	0.01	0.17
150	227	227	250.83	0	0.04
94	146	146	252.91	0.01	0.17
152	229	229	253.04	0	0.04
153	229	229	253.04	0	0.04
154	230	230	254.18	0	0.04
155	231	231	255.15	0	0.04
157	233	233	257.41	0	0.04
158	237	237	261.86	0	0.04
105	153	153	263.32	0.01	0.18
160	239	239	264.19	0	0.04
164	241	241	266.35	0	0.04
167	243	243	268.49	0	0.04
172	246	246	271.52	0	0.04
173	250	250	275.7	0	0.04
176	252	252	277.91	0	0.04
179	255	255	281.16	0	0.04
181	256	256	282.31	0	0.04
182	256	256	282.31	0	0.04
184	258	258	284.47	0	0.04
122	175	175	293.85	0.01	0.19
187	267	267	294.23	0	0.04
189	269	269	296.4	0	0.04
190	269	269	296.4	0	0.04
123	177	177	296.73	0.01	0.2
191	271	271	298.64	0	0.05
192	273	273	300.87	0	0.05
195	274	274	301.82	0	0.05
197	277	277	305.18	0	0.05
125	186	186	309.65	0.01	0.2
127	189	189	314.08	0.01	0.2
204	286	286	314.89	0	0.05
130	192	192	318.45	0.01	0.21
205	290	290	319.31	0	0.05
206	291	291	320.32	0	0.05
207	291	291	320.32	0	0.05
209	294	294	323.38	0	0.05
211	296	296	325.51	0	0.05
82	134	134	325.72	0.02	0.31
135	199	199	328.44	0.01	0.21
212	299	299	328.76	0	0.05
217	303	303	333	0	0.05
23	76	76	335.24	0.03	0.42
218	305	305	335.24	0	0.05
221	306	306	336.24	0	0.05
222	306	306	336.24	0	0.05
139	206	206	338.1	0.01	0.22
224	309	309	339.3	0	0.05
225	309	309	339.3	0	0.05
226	310	310	340.22	0	0.05
141	210	210	343.46	0.01	0.22
175	251	251	346.12	0.01	0.15
177	253	253	348.48	0.01	0.16
143	216	216	351.51	0.01	0.22
185	259	259	355.5	0.01	0.16
233	326	326	356	0	0.05
148	225	225	363.98	0.01	0.23
240	334	334	363.98	0	0.05
107	155	155	364.18	0.02	0.34
29	81	81	365.94	0.03	0.46
162	240	240	383.11	0.01	0.23
163	241	241	384.3	0.01	0.23
166	243	243	386.78	0.01	0.23
168	243	243	386.78	0.01	0.23
169	245	245	389.08	0.01	0.23
170	246	246	390.25	0.01	0.24
171	246	246	390.25	0.01	0.24
35	87	87	394.19	0.03	0.5
36	87	87	394.19	0.03	0.5
37	87	87	394.19	0.03	0.5
38	87	87	394.19	0.03	0.5
174	251	251	395.96	0.01	0.24
183	257	257	402.93	0.01	0.24
253	380	380	409.15	0	0.05
186	263	263	409.6	0.01	0.24
255	385	385	413.76	0	0.05
188	267	267	413.92	0.01	0.24
256	388	388	416.6	0	0.05
258	392	392	420.5	0	0.05
194	274	274	421.42	0.02	0.24
196	276	276	423.38	0.02	0.24
201	281	281	428.32	0.02	0.24
202	282	282	429.24	0.02	0.24
260	402	402	429.94	0	0.05
203	283	283	430.26	0.02	0.24
261	403	403	430.84	0	0.05
262	404	404	431.72	0	0.05
46	99	99	433.72	0.03	0.55
210	296	296	442.32	0.01	0.24
213	299	299	445	0.01	0.24
215	301	301	446.93	0.01	0.24
50	104	104	447.49	0.04	0.56
263	423	423	449.22	0	0.04
54	105	105	450.18	0.04	0.56
228	322	322	465.04	0.01	0.23
230	323	323	465.92	0.01	0.23
231	323	323	465.92	0.01	0.23
232	324	324	466.77	0.01	0.23
234	327	327	469.34	0.01	0.23
62	116	116	475.39	0.04	0.59
63	116	116	475.39	0.04	0.59
64	116	116	475.39	0.04	0.59
65	116	116	475.39	0.04	0.59
245	345	345	484.15	0.01	0.23
246	348	348	486.64	0.01	0.23
180	255	255	489.22	0.02	0.38
249	358	358	494.83	0.01	0.22
71	127	127	497.81	0.04	0.6
73	127	127	497.81	0.04	0.6
74	127	127	497.81	0.04	0.6
75	127	127	497.81	0.04	0.6
193	273	273	505.94	0.02	0.38
252	379	379	511.49	0.01	0.22
8	58	58	512.4	0.05	0.74
254	385	385	516.36	0.01	0.21
257	390	390	520.28	0.01	0.21
259	397	397	526	0.01	0.21
278	504	504	527.6	0	0.04
96	148	148	530.5	0.04	0.62
97	148	148	530.5	0.04	0.62
98	148	148	530.5	0.04	0.62
99	148	148	530.5	0.04	0.62
279	508	508	531.53	0	0.04
100	151	151	534.42	0.04	0.62
101	151	151	534.42	0.04	0.62
280	511	511	534.42	0	0.04
102	152	152	535.52	0.04	0.62
103	153	153	536.82	0.04	0.63
11	60	60	538.38	0.05	0.78
109	156	156	540.29	0.04	0.63
282	518	518	540.64	0	0.04
110	157	157	541.34	0.04	0.63
283	520	520	542.37	0	0.04
113	162	162	546.62	0.04	0.63
114	162	162	546.62	0.04	0.63
115	162	162	546.62	0.04	0.63
116	163	163	547.62	0.04	0.63
12	61	61	548.6	0.05	0.79
264	434	434	553.87	0.01	0.2
268	451	451	566.35	0.01	0.19
269	454	454	568.56	0.01	0.19
270	455	455	569.42	0.01	0.19
271	456	456	570.04	0.01	0.19
235	328	328	580.07	0.03	0.41
117	166	166	581.87	0.04	0.68
118	166	166	581.87	0.04	0.68
274	479	479	586.1	0.01	0.17
151	228	228	603.32	0.04	0.61
161	239	239	611.39	0.04	0.61
112	158	158	632.54	0.05	0.77
286	546	546	635.16	0.01	0.15
198	277	277	636.44	0.04	0.59
236	330	330	665.82	0.03	0.55
238	332	332	666.87	0.03	0.55
239	333	333	667.4	0.03	0.54
243	341	341	671.56	0.03	0.54
200	278	278	715.59	0.04	0.71
227	315	315	734.9	0.04	0.68
86	137	137	768.06	0.06	1.03
95	148	148	778.06	0.06	1.03
145	221	221	828.8	0.06	0.99
156	232	232	835.64	0.06	0.98
4	52	52	845.57	0.08	1.29
208	291	291	866.87	0.06	0.94
216	302	302	872	0.06	0.93
219	305	305	873.45	0.06	0.93
220	305	305	873.45	0.06	0.93
223	307	307	874.33	0.06	0.92
244	344	344	890.74	0.06	0.89
247	352	352	894.39	0.06	0.88
248	355	355	895.76	0.06	0.88
7	57	57	895.87	0.09	1.37
251	364	364	900.08	0.05	0.87
321	935	935	957.61	0	0.04
322	936	936	958.85	0	0.04
325	937	937	960.13	0	0.04
334	943	943	967.34	0	0.04
347	957	957	982.79	0	0.04
296	897	897	1003.68	0.01	0.17
297	897	897	1003.68	0.01	0.17
298	897	897	1003.68	0.01	0.17
299	897	897	1003.68	0.01	0.17
300	897	897	1003.68	0.01	0.17
9	58	58	1028.16	0.1	1.58
303	909	909	1030.19	0.01	0.2
304	909	909	1030.19	0.01	0.2
305	910	910	1032.48	0.01	0.2
281	517	517	1034.46	0.05	0.84
306	911	911	1034.67	0.01	0.2
307	912	912	1036.96	0.01	0.2
308	913	913	1039.04	0.01	0.21
309	914	914	1041.08	0.01	0.21
310	916	916	1045.28	0.01	0.21
311	920	920	1053.85	0.01	0.22
313	921	921	1056.05	0.01	0.22
315	924	924	1062.3	0.01	0.23
400	1032	1032	1067.23	0	0.06
404	1045	1045	1081.4	0	0.06
405	1045	1045	1081.4	0	0.06
329	938	938	1090.41	0.02	0.25
330	939	939	1092.24	0.02	0.25
331	939	939	1092.24	0.02	0.25
412	1057	1057	1094.38	0	0.06
336	946	946	1104.84	0.02	0.26
338	948	948	1108.34	0.02	0.26
339	948	948	1108.34	0.02	0.26
340	948	948	1108.34	0.02	0.26
420	1077	1077	1116.08	0	0.06
343	954	954	1118.31	0.02	0.27
345	954	954	1118.31	0.02	0.27
348	958	958	1124.8	0.02	0.27
349	958	958	1124.8	0.02	0.27
429	1086	1086	1125.72	0	0.06
435	1095	1095	1135.07	0	0.07
353	969	969	1142.67	0.02	0.28
470	1154	1154	1154.75	0	0
443	1117	1117	1159.1	0	0.07
449	1121	1121	1163.71	0	0.07
362	988	988	1175.19	0.02	0.3
455	1134	1134	1178.63	0	0.07
363	991	991	1180.37	0.02	0.31
364	995	995	1187.3	0.02	0.31
366	996	996	1189	0.02	0.31
370	999	999	1194.14	0.02	0.32
371	1000	1000	1195.8	0.02	0.32
373	1002	1002	1199.12	0.02	0.32
372	1003	1003	1200.76	0.02	0.32
383	1016	1016	1221.07	0.02	0.33
389	1023	1023	1231.43	0.02	0.34
394	1025	1025	1234.31	0.02	0.34
497	1189	1189	1237.54	0	0.08
398	1031	1031	1242.68	0.02	0.34
399	1032	1032	1244.1	0.02	0.35
407	1044	1044	1260.69	0.02	0.35
406	1049	1049	1267.46	0.02	0.36
410	1049	1049	1267.46	0.02	0.36
414	1060	1060	1281.57	0.02	0.36
421	1075	1075	1300.47	0.02	0.37
423	1075	1075	1300.47	0.02	0.37
430	1088	1088	1316.19	0.02	0.37
437	1099	1099	1328.91	0.02	0.37
444	1117	1117	1349.35	0.02	0.38
288	872	872	1352.08	0.05	0.78
446	1120	1120	1352.83	0.02	0.38
289	873	873	1355.59	0.05	0.79
52	105	105	1356.76	0.13	2.04
453	1128	1128	1361.43	0.02	0.38
454	1132	1132	1365.81	0.02	0.38
291	877	877	1368.93	0.05	0.8
461	1142	1142	1376.08	0.02	0.38
462	1142	1142	1376.08	0.02	0.38
466	1147	1147	1381.15	0.02	0.38
292	882	882	1385.17	0.05	0.82
293	882	882	1385.17	0.05	0.82
478	1162	1162	1395.31	0.02	0.38
480	1164	1164	1397.13	0.02	0.38
486	1171	1171	1403.36	0.02	0.38
487	1173	1173	1405.17	0.02	0.38
492	1182	1182	1412.9	0.02	0.38
494	1183	1183	1413.81	0.02	0.38
295	896	896	1427.49	0.05	0.87
392	1025	1025	1457.2	0.04	0.7
417	1052	1052	1488.76	0.04	0.71
312	920	920	1491.46	0.06	0.93
418	1068	1068	1506.25	0.04	0.71
318	930	930	1513.92	0.06	0.95
319	930	930	1513.92	0.06	0.95
320	931	931	1516.14	0.06	0.95
323	936	936	1526.29	0.06	0.96
324	936	936	1526.29	0.06	0.96
431	1088	1088	1527.28	0.04	0.72
326	938	938	1530.16	0.06	0.96
327	938	938	1530.16	0.06	0.96
328	938	938	1530.16	0.06	0.96
332	942	942	1537.09	0.06	0.97
48	101	101	1545.38	0.15	2.35
341	948	948	1546.97	0.06	0.98
344	954	954	1556.17	0.06	0.98
447	1121	1121	1558.28	0.04	0.71
448	1121	1121	1558.28	0.04	0.71
350	961	961	1566.18	0.06	0.99
459	1140	1140	1574.62	0.04	0.71
354	970	970	1578.82	0.06	0.99
472	1155	1155	1586.94	0.04	0.7
477	1161	1161	1591.68	0.04	0.7
481	1164	1164	1593.81	0.04	0.7
482	1165	1165	1594.62	0.04	0.7
483	1166	1166	1595.42	0.04	0.7
360	988	988	1602.47	0.06	1
488	1178	1178	1604.05	0.04	0.69
489	1179	1179	1604.62	0.04	0.69
491	1180	1180	1605.32	0.04	0.69
66	120	120	1606.66	0.15	2.42
493	1183	1183	1607.42	0.04	0.69
495	1183	1183	1607.42	0.04	0.69
69	124	124	1617.63	0.15	2.43
377	1007	1007	1623.82	0.06	1
70	127	127	1625.57	0.15	2.44
382	1012	1012	1629	0.06	1.01
89	141	141	1655.68	0.15	2.47
91	144	144	1661.6	0.15	2.47
93	145	145	1663.45	0.16	2.47
104	153	153	1677.86	0.16	2.48
427	1083	1083	1691.94	0.06	0.99
442	1115	1115	1716.63	0.06	0.98
445	1118	1118	1718.92	0.06	0.98
124	183	183	1724.1	0.16	2.51
452	1128	1128	1726.21	0.06	0.97
456	1135	1135	1731.3	0.06	0.97
132	194	194	1739.79	0.16	2.52
468	1149	1149	1740.9	0.06	0.96
142	216	216	1768.49	0.16	2.53
376	1005	1005	1774.48	0.08	1.25
147	224	224	1778.88	0.16	2.53
388	1015	1015	1783.6	0.08	1.25
159	238	238	1795.9	0.16	2.54
165	242	242	1800.54	0.16	2.54
402	1042	1042	1805.7	0.08	1.24
178	253	253	1812.3	0.16	2.54
214	301	301	1860.12	0.16	2.54
290	874	874	1864.84	0.1	1.61
229	323	323	1879.7	0.16	2.54
237	332	332	1887.41	0.16	2.53
241	335	335	1889.8	0.16	2.53
242	339	339	1893.26	0.16	2.53
294	892	892	1899.48	0.1	1.64
250	360	360	1910.92	0.16	2.53
335	946	946	1979.8	0.11	1.68
352	968	968	2001.85	0.11	1.68
355	971	971	2004.74	0.11	1.68
273	475	475	2014.32	0.16	2.51
365	995	995	2026.04	0.11	1.68
375	1010	1010	2038.04	0.1	1.67
386	1011	1011	2038.83	0.1	1.67
416	1054	1054	2068.23	0.1	1.65
285	537	537	2075.6	0.16	2.51
419	1070	1070	2078.29	0.1	1.64
422	1072	1072	2079.54	0.1	1.64
424	1077	1077	2082.55	0.1	1.64
425	1082	1082	2085.42	0.1	1.63
426	1083	1083	2086.16	0.1	1.63
428	1086	1086	2087.72	0.1	1.63
432	1089	1089	2089.42	0.1	1.63
433	1090	1090	2089.88	0.1	1.63
438	1100	1100	2095.16	0.1	1.62
440	1105	1105	2097.84	0.1	1.62
441	1110	1110	2100.6	0.1	1.61
450	1122	1122	2106.38	0.1	1.6
451	1122	1122	2106.38	0.1	1.6
457	1137	1137	2113.68	0.1	1.59
460	1140	1140	2114.99	0.1	1.59
463	1144	1144	2116.94	0.1	1.59
465	1146	1146	2117.9	0.1	1.58
471	1155	1155	2121.69	0.1	1.57
473	1157	1157	2122.31	0.1	1.57
475	1159	1159	2123.24	0.1	1.57
484	1170	1170	2127.49	0.1	1.56
498	1190	1190	2134.99	0.1	1.54
78	129	129	2203.94	0.21	3.38
301	898	898	2491.92	0.16	2.6
79	131	131	2498.37	0.24	3.86
302	908	908	2503.77	0.16	2.6
314	924	924	2520.01	0.16	2.6
316	926	926	2521.76	0.16	2.6
333	942	942	2535.06	0.16	2.6
337	947	947	2538.75	0.16	2.59
342	953	953	2542.71	0.16	2.59
346	956	956	2544.53	0.16	2.59
356	979	979	2558.1	0.16	2.57
357	980	980	2558.6	0.16	2.57
358	981	981	2559.1	0.16	2.57
359	987	987	2562.52	0.16	2.57
361	988	988	2563	0.16	2.57
367	998	998	2567.95	0.16	2.56
368	998	998	2567.95	0.16	2.56
369	998	998	2567.95	0.16	2.56
378	1001	1001	2569.3	0.16	2.56
374	1004	1004	2570.62	0.16	2.55
381	1004	1004	2570.62	0.16	2.55
379	1006	1006	2571.46	0.16	2.55
380	1009	1009	2572.71	0.16	2.55
385	1012	1012	2573.73	0.16	2.54
387	1020	1020	2576.73	0.16	2.54
390	1021	1021	2577.12	0.16	2.54
393	1021	1021	2577.12	0.16	2.54
391	1022	1022	2577.5	0.16	2.53
396	1025	1025	2578.42	0.16	2.53
395	1028	1028	2579.32	0.16	2.53
401	1036	1036	2581.78	0.16	2.52
397	1040	1040	2582.99	0.16	2.51
408	1042	1042	2583.66	0.16	2.51
411	1044	1044	2584.15	0.16	2.51
409	1050	1050	2585.75	0.16	2.5
415	1053	1053	2586.53	0.16	2.5
413	1054	1054	2586.84	0.16	2.5
434	1091	1091	2595.42	0.15	2.45
436	1097	1097	2596.86	0.15	2.44
439	1100	1100	2597.42	0.15	2.44
458	1138	1138	2604.98	0.15	2.39
464	1145	1145	2606.3	0.15	2.38
467	1147	1147	2606.68	0.15	2.38
469	1153	1153	2607.67	0.15	2.37
474	1157	1157	2608.27	0.15	2.36
479	1164	1164	2609.32	0.15	2.35
485	1171	1171	2610.32	0.15	2.35
490	1180	1180	2611.51	0.15	2.33
496	1187	1187	2612.45	0.15	2.32
60	113	113	2948.25	0.29	4.62
13	68	68	2980.79	0.3	4.75
56	108	108	3020.81	0.3	4.75
57	109	109	3021.25	0.3	4.74
58	109	109	3021.25	0.3	4.74
59	111	111	3022.13	0.3	4.74
129	192	192	3044.6	0.29	4.65
136	199	199	3046.04	0.29	4.64
265	440	440	3081.94	0.27	4.3
266	441	441	3082.07	0.27	4.3
272	458	458	3084.41	0.27	4.28
275	484	484	3087.83	0.27	4.24
276	490	490	3088.61	0.27	4.23
277	496	496	3089.28	0.26	4.23
284	525	525	3092.49	0.26	4.18
351	966	966	3158.13	0.22	3.57
384	1019	1019	3162.13	0.22	3.49
403	1048	1048	3163.76	0.22	3.45
476	1159	1159	3168.41	0.21	3.27
499	1193	1193	3169.42	0.2	3.22
267	444	444	3197.3	0.28	4.49
287	585	585	3203.33	0.27	4.27
10	59	59	3266	0.33	5.23
317	927	927	3292.66	0.24	3.85
199	277	277	3397.96	0.32	5.08
