0	0.1	0.1	14.5	0	0
1	20.1	20.1	23.7	0	0
2	40.1	40.1	43.7	0	0
3	50.1	50.1	59.51	0	0
5	54.1	54.1	60.33	0	0
6	55.1	55.1	63.01	0	0
14	67.1	67.1	86.4	0	0
15	69.1	69.1	94.11	0	0
16	70.1	70.1	97.83	0	0
17	72.1	72.1	105.34	0	0
47	98.1	98.1	108.17	0	0
19	73.1	73.1	109.22	0	0
20	74.1	74.1	112.64	0	0
21	74.1	74.1	112.64	0	0
22	74.1	74.1	112.64	0	0
24	76.1	76.1	118.25	0	0
25	76.1	76.1	118.25	0	0.08
26	77.1	77.1	120.74	0	0.09
27	78.1	78.1	123.13	0	0.09
28	79.1	79.1	125.45	0	0.09
30	81.1	81.1	130.28	0.01	0.1
32	83.1	83.1	135.05	0.01	0.1
33	84.1	84.1	137.46	0.01	0.11
34	86.1	86.1	142.21	0.01	0.11
39	87.1	87.1	144.34	0.01	0.11
40	88.1	88.1	146.42	0.01	0.12
41	89.1	89.1	148.56	0.01	0.12
18	73.1	73.1	150.76	0.01	0.15
42	91.1	91.1	152.83	0.01	0.12
76	127.1	127.1	153.5	0	0.05
108	155.1	155.1	155.42	0	0
72	126.1	126.1	158.46	0	0.06
44	94.1	94.1	159.48	0.01	0.13
77	127.1	127.1	159.9	0	0.06
45	97.1	97.1	166.14	0.01	0.14
106	152.1	152.1	171.42	0	0.04
49	100.1	100.1	172.72	0.01	0.14
111	156.1	156.1	175.77	0	0.04
53	104.1	104.1	181.04	0.01	0.15
55	105.1	105.1	182.9	0.01	0.15
31	81.1	81.1	185.09	0.01	0.21
119	170.1	170.1	190.36	0	0.04
120	170.1	170.1	190.36	0	0.04
121	173.1	173.1	193.44	0	0.04
61	113.1	113.1	197.7	0.01	0.17
88	137.1	137.1	201.49	0.01	0.13
126	186.1	186.1	207.37	0	0.04
128	189.1	189.1	210.65	0	0.04
67	121.1	121.1	212.78	0.01	0.18
68	122.1	122.1	214.64	0.01	0.18
131	193.1	193.1	214.92	0	0.04
133	195.1	195.1	217	0	0.04
134	197.1	197.1	219.07	0	0.04
43	94.1	94.1	223.12	0.01	0.26
137	201.1	201.1	223.12	0	0.04
138	203.1	203.1	225.16	0	0.04
140	207.1	207.1	229.27	0	0.04
80	131.1	131.1	230.13	0.01	0.2
81	132.1	132.1	231.77	0.01	0.2
83	133.1	133.1	233.39	0.01	0.2
84	133.1	133.1	233.39	0.01	0.2
85	133.1	133.1	233.39	0.01	0.2
87	137.1	137.1	239.41	0.01	0.2
144	217.1	217.1	239.73	0	0.04
146	222.1	222.1	245.3	0	0.05
90	142.1	142.1	247.27	0.01	0.21
149	224.1	224.1	247.64	0	0.05
51	104.1	104.1	248.6	0.01	0.29
92	143.1	143.1	248.85	0.01	0.21
150	226.1	226.1	249.84	0	0.05
94	145.1	145.1	251.91	0.01	0.21
152	228.1	228.1	252.06	0	0.05
153	228.1	228.1	252.06	0	0.05
154	229.1	229.1	253.16	0	0.05
155	230.1	230.1	254.22	0	0.05
157	232.1	232.1	256.4	0	0.05
158	236.1	236.1	260.91	0	0.05
105	152.1	152.1	262.32	0.01	0.22
160	238.1	238.1	263.16	0	0.05
164	240.1	240.1	265.32	0	0.05
167	242.1	242.1	267.45	0	0.05
172	245.1	245.1	270.58	0	0.05
173	249.1	249.1	274.76	0	0.05
176	251.1	251.1	276.94	0	0.05
179	254.1	254.1	280.25	0	0.05
181	255.1	255.1	281.36	0	0.05
182	255.1	255.1	281.36	0	0.05
184	257.1	257.1	283.51	0	0.05
122	174.1	174.1	292.89	0.01	0.23
187	266.1	266.1	293.28	0	0.05
189	268.1	268.1	295.5	0	0.05
190	268.1	268.1	295.5	0	0.05
123	176.1	176.1	295.68	0.01	0.24
191	270.1	270.1	297.67	0	0.05
192	272.1	272.1	299.85	0	0.05
195	273.1	273.1	300.9	0	0.05
197	276.1	276.1	304.11	0	0.06
125	185.1	185.1	308.53	0.01	0.24
127	188.1	188.1	313.07	0.01	0.25
204	285.1	285.1	313.94	0	0.06
130	191.1	191.1	317.45	0.01	0.25
205	289.1	289.1	318.31	0	0.06
206	290.1	290.1	319.38	0	0.06
207	290.1	290.1	319.38	0	0.06
209	293.1	293.1	322.48	0	0.06
211	295.1	295.1	324.6	0	0.06
82	133.1	133.1	324.68	0.02	0.38
135	198.1	198.1	327.36	0.01	0.26
212	298.1	298.1	327.81	0	0.06
217	302.1	302.1	332.06	0	0.06
23	75.1	75.1	334.1	0.03	0.51
218	304.1	304.1	334.2	0	0.06
221	305.1	305.1	335.26	0	0.06
222	305.1	305.1	335.26	0	0.06
139	205.1	205.1	337.14	0.01	0.26
224	308.1	308.1	338.28	0	0.06
225	308.1	308.1	338.28	0	0.06
226	309.1	309.1	339.26	0	0.06
141	209.1	209.1	342.49	0.01	0.26
175	250.1	250.1	345.07	0.01	0.19
177	252.1	252.1	347.44	0.01	0.19
143	215.1	215.1	350.56	0.01	0.27
185	258.1	258.1	354.52	0.01	0.19
233	325.1	325.1	355.09	0	0.06
148	224.1	224.1	362.77	0.01	0.27
240	333.1	333.1	362.97	0	0.06
107	154.1	154.1	363.09	0.02	0.41
29	80.1	80.1	364.68	0.03	0.56
162	239.1	239.1	382	0.01	0.28
163	240.1	240.1	383.26	0.01	0.28
166	242.1	242.1	385.72	0.01	0.28
168	242.1	242.1	385.72	0.01	0.28
169	244.1	244.1	388.1	0.01	0.28
170	245.1	245.1	389.28	0.01	0.29
171	245.1	245.1	389.28	0.01	0.29
35	86.1	86.1	392.92	0.03	0.61
36	86.1	86.1	392.92	0.03	0.61
37	86.1	86.1	392.92	0.03	0.61
38	86.1	86.1	392.92	0.03	0.61
174	250.1	250.1	395	0.01	0.29
183	256.1	256.1	401.78	0.01	0.29
253	379.1	379.1	408.03	0	0.06
186	262.1	262.1	408.45	0.01	0.29
255	384.1	384.1	412.82	0	0.06
188	266.1	266.1	412.9	0.01	0.29
256	387.1	387.1	415.65	0	0.06
258	391.1	391.1	419.42	0	0.06
194	273.1	273.1	420.35	0.02	0.29
196	275.1	275.1	422.37	0.02	0.29
201	280.1	280.1	427.32	0.02	0.29
202	281.1	281.1	428.29	0.02	0.29
260	401.1	401.1	428.97	0	0.06
203	282.1	282.1	429.26	0.02	0.29
261	402.1	402.1	429.88	0	0.05
262	403.1	403.1	430.79	0	0.05
46	98.1	98.1	432.73	0.03	0.66
210	295.1	295.1	441.28	0.01	0.29
213	298.1	298.1	444.05	0.01	0.29
215	300.1	300.1	445.89	0.01	0.29
50	103.1	103.1	446.39	0.04	0.68
263	422.1	422.1	448.26	0	0.05
54	104.1	104.1	448.94	0.04	0.68
228	321.1	321.1	464.09	0.01	0.28
230	322.1	322.1	464.94	0.01	0.28
231	322.1	322.1	464.94	0.01	0.28
232	323.1	323.1	465.79	0.01	0.28
234	326.1	326.1	468.31	0.01	0.28
62	115.1	115.1	474.24	0.04	0.71
63	115.1	115.1	474.24	0.04	0.71
64	115.1	115.1	474.24	0.04	0.71
65	115.1	115.1	474.24	0.04	0.71
245	344.1	344.1	483.05	0.01	0.27
246	347.1	347.1	485.52	0.01	0.27
180	254.1	254.1	488.16	0.02	0.46
249	357.1	357.1	493.7	0.01	0.27
71	126.1	126.1	496.73	0.04	0.73
73	126.1	126.1	496.73	0.04	0.73
74	126.1	126.1	496.73	0.04	0.73
75	126.1	126.1	496.73	0.04	0.73
193	272.1	272.1	504.86	0.02	0.46
252	378.1	378.1	510.52	0.01	0.26
8	57.1	57.1	510.92	0.05	0.9
254	384.1	384.1	515.26	0.01	0.26
257	389.1	389.1	519.24	0.01	0.26
259	396.1	396.1	525	0.01	0.25
278	503.1	503.1	526.63	0	0.05
96	147.1	147.1	529.42	0.04	0.76
97	147.1	147.1	529.42	0.04	0.76
98	147.1	147.1	529.42	0.04	0.76
99	147.1	147.1	529.42	0.04	0.76
279	507.1	507.1	530.56	0	0.05
100	150.1	150.1	533.26	0.04	0.76
101	150.1	150.1	533.26	0.04	0.76
280	510.1	510.1	533.38	0	0.05
102	151.1	151.1	534.48	0.04	0.76
103	152.1	152.1	535.68	0.04	0.76
11	59.1	59.1	536.99	0.05	0.94
109	155.1	155.1	539.12	0.04	0.76
282	517.1	517.1	539.7	0	0.04
110	156.1	156.1	540.23	0.04	0.76
283	519.1	519.1	541.43	0	0.04
113	161.1	161.1	545.51	0.04	0.76
114	161.1	161.1	545.51	0.04	0.76
115	161.1	161.1	545.51	0.04	0.76
116	162.1	162.1	546.52	0.04	0.76
12	60.1	60.1	547.22	0.05	0.96
264	433.1	433.1	552.88	0.01	0.24
268	450.1	450.1	565.34	0.01	0.23
269	453.1	453.1	567.55	0.01	0.23
270	454.1	454.1	568.28	0.01	0.23
271	455.1	455.1	568.98	0.01	0.23
235	327.1	327.1	579.02	0.03	0.5
117	165.1	165.1	580.78	0.04	0.82
118	165.1	165.1	580.78	0.04	0.82
274	478.1	478.1	585.04	0.01	0.21
151	227.1	227.1	602.22	0.04	0.74
161	238.1	238.1	610.34	0.04	0.74
112	157.1	157.1	631.34	0.05	0.94
286	545.1	545.1	634.2	0.01	0.18
198	276.1	276.1	635.36	0.04	0.71
236	329.1	329.1	664.77	0.03	0.66
238	331.1	331.1	665.82	0.03	0.66
239	332.1	332.1	666.32	0.03	0.66
243	340.1	340.1	670.38	0.03	0.65
200	277.1	277.1	714.56	0.04	0.87
227	314.1	314.1	733.82	0.04	0.83
86	136.1	136.1	766.92	0.06	1.25
95	147.1	147.1	776.88	0.06	1.25
145	220.1	220.1	827.74	0.06	1.2
156	231.1	231.1	834.56	0.06	1.19
4	51.1	51.1	844.28	0.08	1.57
208	290.1	290.1	865.8	0.06	1.14
216	301.1	301.1	870.92	0.06	1.13
219	304.1	304.1	872.31	0.06	1.12
220	304.1	304.1	872.31	0.06	1.12
223	306.1	306.1	873.18	0.06	1.12
244	343.1	343.1	889.68	0.06	1.08
247	351.1	351.1	893.34	0.06	1.07
7	56.1	56.1	894.47	0.09	1.66
248	354.1	354.1	894.68	0.06	1.07
251	363.1	363.1	898.93	0.05	1.06
321	934.1	934.1	956.6	0	0.04
322	935.1	935.1	957.95	0	0.05
325	936.1	936.1	959.23	0	0.05
334	942.1	942.1	966.37	0	0.05
347	956.1	956.1	981.91	0	0.05
296	896.1	896.1	1002.66	0.01	0.21
297	896.1	896.1	1002.66	0.01	0.21
298	896.1	896.1	1002.66	0.01	0.21
299	896.1	896.1	1002.66	0.01	0.21
300	896.1	896.1	1002.66	0.01	0.21
9	57.1	57.1	1026.2	0.1	1.92
303	908.1	908.1	1029.27	0.01	0.24
304	908.1	908.1	1029.27	0.01	0.24
305	909.1	909.1	1031.52	0.01	0.24
281	516.1	516.1	1033.2	0.05	1.02
306	910.1	910.1	1033.76	0.01	0.24
307	911.1	911.1	1035.92	0.01	0.25
308	912.1	912.1	1038.05	0.01	0.25
309	913.1	913.1	1040.15	0.01	0.25
310	915.1	915.1	1044.35	0.01	0.26
311	919.1	919.1	1052.89	0.01	0.26
313	920.1	920.1	1055.02	0.01	0.27
315	923.1	923.1	1061.35	0.01	0.27
400	1031.1	1031.1	1066.25	0	0.07
404	1044.1	1044.1	1080.45	0	0.07
405	1044.1	1044.1	1080.45	0	0.07
329	937.1	937.1	1089.38	0.02	0.3
330	938.1	938.1	1091.26	0.02	0.3
331	938.1	938.1	1091.26	0.02	0.3
412	1056.1	1056.1	1093.46	0	0.07
336	945.1	945.1	1103.87	0.02	0.31
338	947.1	947.1	1107.37	0.02	0.32
339	947.1	947.1	1107.37	0.02	0.32
340	947.1	947.1	1107.37	0.02	0.32
420	1076.1	1076.1	1115.07	0	0.08
343	953.1	953.1	1117.3	0.02	0.32
345	953.1	953.1	1117.3	0.02	0.32
348	957.1	957.1	1123.77	0.02	0.33
349	957.1	957.1	1123.77	0.02	0.33
429	1085.1	1085.1	1124.66	0	0.08
435	1094.1	1094.1	1134.09	0	0.08
353	968.1	968.1	1141.7	0.02	0.34
470	1153.1	1153.1	1153.85	0	0
443	1116.1	1116.1	1158.18	0	0.08
449	1120.1	1120.1	1162.72	0	0.08
362	987.1	987.1	1174.16	0.02	0.37
455	1133.1	1133.1	1177.7	0	0.09
363	990.1	990.1	1179.33	0.02	0.37
364	994.1	994.1	1186.29	0.02	0.38
366	995.1	995.1	1188.02	0.02	0.38
370	998.1	998.1	1193.14	0.02	0.39
371	999.1	999.1	1194.82	0.02	0.39
373	1001.1	1001.1	1198.16	0.02	0.39
372	1002.1	1002.1	1199.86	0.02	0.39
383	1015.1	1015.1	1221.88	0.02	0.41
389	1022.1	1022.1	1233.35	0.02	0.42
394	1024.1	1024.1	1236.53	0.02	0.42
497	1188.1	1188.1	1240.04	0.01	0.1
398	1030.1	1030.1	1245.94	0.02	0.43
399	1031.1	1031.1	1247.5	0.02	0.43
511	1206.1	1206.1	1259.28	0.01	0.11
515	1208.1	1208.1	1261.38	0.01	0.11
407	1043.1	1043.1	1266.56	0.02	0.44
518	1214.1	1214.1	1267.56	0.01	0.11
406	1048.1	1048.1	1274.34	0.02	0.45
410	1048.1	1048.1	1274.34	0.02	0.45
414	1059.1	1059.1	1290.74	0.02	0.46
421	1074.1	1074.1	1313.09	0.02	0.47
423	1074.1	1074.1	1313.09	0.02	0.47
430	1087.1	1087.1	1331.97	0.02	0.48
437	1098.1	1098.1	1347.41	0.03	0.49
526	1242.1	1242.1	1351.58	0.01	0.22
528	1256.1	1256.1	1365.9	0.01	0.22
531	1262.1	1262.1	1371.96	0.01	0.22
444	1116.1	1116.1	1372.25	0.03	0.51
288	871.1	871.1	1375.35	0.05	1
446	1119.1	1119.1	1376.34	0.03	0.51
289	872.1	872.1	1379.43	0.05	1
52	104.1	104.1	1380.08	0.13	2.52
453	1127.1	1127.1	1386.88	0.03	0.51
454	1131.1	1131.1	1392.11	0.03	0.52
291	876.1	876.1	1395.78	0.05	1.03
461	1141.1	1141.1	1404.77	0.03	0.52
462	1141.1	1141.1	1404.77	0.03	0.52
466	1146.1	1146.1	1410.92	0.03	0.52
292	881.1	881.1	1415.66	0.05	1.06
293	881.1	881.1	1415.66	0.05	1.06
478	1161.1	1161.1	1428.48	0.03	0.53
480	1163.1	1163.1	1430.74	0.03	0.53
486	1170.1	1170.1	1438.46	0.03	0.53
487	1172.1	1172.1	1440.6	0.03	0.53
492	1181.1	1181.1	1450.33	0.03	0.53
494	1182.1	1182.1	1451.4	0.03	0.53
500	1192.1	1192.1	1461.87	0.03	0.53
502	1195.1	1195.1	1464.96	0.03	0.53
295	895.1	895.1	1468.56	0.06	1.13
509	1199.1	1199.1	1469.02	0.03	0.53
512	1206.1	1206.1	1475.96	0.03	0.53
513	1207.1	1207.1	1476.95	0.03	0.53
514	1208.1	1208.1	1477.91	0.03	0.53
517	1211.1	1211.1	1480.77	0.03	0.53
519	1215.1	1215.1	1484.55	0.03	0.53
392	1024.1	1024.1	1505.52	0.05	0.95
524	1242.1	1242.1	1509.93	0.03	0.53
525	1242.1	1242.1	1509.93	0.03	0.53
417	1051.1	1051.1	1544.88	0.05	0.98
312	919.1	919.1	1548.17	0.06	1.24
536	1296.1	1296.1	1559.98	0.03	0.52
537	1302.1	1302.1	1565.64	0.03	0.52
538	1302.1	1302.1	1565.64	0.03	0.52
539	1303.1	1303.1	1566.59	0.03	0.52
418	1067.1	1067.1	1566.99	0.05	0.99
318	929.1	929.1	1576.99	0.07	1.28
319	929.1	929.1	1576.99	0.07	1.28
320	930.1	930.1	1579.76	0.07	1.28
323	935.1	935.1	1594.15	0.07	1.3
324	935.1	935.1	1594.15	0.07	1.3
431	1087.1	1087.1	1595.56	0.05	1.01
326	937.1	937.1	1599.79	0.07	1.31
327	937.1	937.1	1599.79	0.07	1.31
328	937.1	937.1	1599.79	0.07	1.31
332	941.1	941.1	1610.26	0.07	1.32
535	1293.1	1293.1	1611.76	0.03	0.63
48	100.1	100.1	1621.99	0.16	3.01
341	947.1	947.1	1625.56	0.07	1.34
344	953.1	953.1	1640.94	0.07	1.36
447	1120.1	1120.1	1644.39	0.05	1.04
448	1120.1	1120.1	1644.39	0.05	1.04
350	960.1	960.1	1658.94	0.07	1.38
459	1139.1	1139.1	1674.28	0.05	1.06
547	1408.1	1408.1	1680.31	0.03	0.54
354	969.1	969.1	1681.77	0.07	1.41
472	1154.1	1154.1	1696.4	0.06	1.07
477	1160.1	1160.1	1704.94	0.06	1.08
481	1163.1	1163.1	1709.47	0.06	1.08
482	1164.1	1164.1	1710.93	0.06	1.08
483	1165.1	1165.1	1712.4	0.06	1.08
360	987.1	987.1	1726.91	0.08	1.46
488	1177.1	1177.1	1730.04	0.06	1.09
489	1178.1	1178.1	1731.49	0.06	1.09
491	1179.1	1179.1	1732.94	0.06	1.1
66	119.1	119.1	1734.42	0.16	3.19
493	1182.1	1182.1	1737.25	0.06	1.1
495	1182.1	1182.1	1737.25	0.06	1.1
69	123.1	123.1	1758.58	0.17	3.23
377	1006.1	1006.1	1774.74	0.08	1.52
70	126.1	126.1	1777.6	0.17	3.27
382	1011.1	1011.1	1787.18	0.08	1.53
521	1228.1	1228.1	1804.54	0.06	1.14
522	1232.1	1232.1	1810.23	0.06	1.14
529	1258.1	1258.1	1847.64	0.06	1.17
89	140.1	140.1	1851.24	0.17	3.38
91	143.1	143.1	1866.61	0.18	3.41
713	1791.1	1791.1	1869.06	0.01	0.15
93	144.1	144.1	1871.73	0.18	3.42
682	1748.1	1748.1	1878.26	0.01	0.26
104	152.1	152.1	1910.9	0.18	3.48
717	1839.1	1839.1	1921.38	0.01	0.16
733	1856.1	1856.1	1939.31	0.01	0.16
739	1861.1	1861.1	1944.48	0.01	0.16
740	1861.1	1861.1	1944.48	0.01	0.16
427	1082.1	1082.1	1950.99	0.09	1.72
748	1873.1	1873.1	1956.46	0.01	0.16
751	1919.1	1919.1	2004.41	0.01	0.17
741	1865.1	1865.1	2007.26	0.01	0.28
720	1843.1	1843.1	2013.29	0.02	0.34
442	1114.1	1114.1	2023.03	0.09	1.8
683	1749.1	1749.1	2025.03	0.03	0.55
445	1117.1	1117.1	2030.36	0.09	1.81
734	1858.1	1858.1	2031.25	0.02	0.34
737	1860.1	1860.1	2033.63	0.02	0.34
124	182.1	182.1	2045.51	0.19	3.68
452	1127.1	1127.1	2054.62	0.09	1.83
757	1967.1	1967.1	2060.19	0.01	0.18
760	1968.1	1968.1	2061.39	0.01	0.18
761	1969.1	1969.1	2062.58	0.01	0.18
764	1973.1	1973.1	2067.36	0.01	0.19
768	1976.1	1976.1	2070.94	0.01	0.19
769	1976.1	1976.1	2070.94	0.01	0.19
456	1134.1	1134.1	2071.91	0.1	1.85
771	1979.1	1979.1	2074.5	0.01	0.19
772	1981.1	1981.1	2076.86	0.01	0.19
774	1982.1	1982.1	2078.03	0.01	0.19
780	1985.1	1985.1	2081.53	0.01	0.19
781	1987.1	1987.1	2083.85	0.01	0.19
783	1990.1	1990.1	2087.32	0.01	0.19
789	1996.1	1996.1	2094.26	0.01	0.19
791	1997.1	1997.1	2095.4	0.01	0.19
792	2001.1	2001.1	2099.97	0.01	0.2
793	2001.1	2001.1	2099.97	0.01	0.2
132	193.1	193.1	2100.62	0.19	3.77
794	2002.1	2002.1	2101.11	0.01	0.2
468	1148.1	1148.1	2106.18	0.1	1.89
797	2007.1	2007.1	2106.79	0.01	0.2
799	2010.1	2010.1	2110.19	0.01	0.2
801	2015.1	2015.1	2115.84	0.01	0.2
809	2019.1	2019.1	2120.32	0.01	0.2
810	2020.1	2020.1	2121.43	0.01	0.2
814	2025.1	2025.1	2126.97	0.01	0.2
817	2027.1	2027.1	2129.18	0.01	0.2
818	2028.1	2028.1	2130.27	0.01	0.2
819	2033.1	2033.1	2135.77	0.01	0.2
820	2035.1	2035.1	2137.99	0.01	0.2
821	2035.1	2035.1	2137.99	0.01	0.2
823	2038.1	2038.1	2141.28	0.01	0.2
824	2038.1	2038.1	2141.28	0.01	0.2
826	2040.1	2040.1	2143.45	0.01	0.2
843	2063.1	2063.1	2168.14	0.01	0.21
844	2063.1	2063.1	2168.14	0.01	0.21
848	2068.1	2068.1	2173.47	0.01	0.21
854	2072.1	2072.1	2177.68	0.01	0.21
855	2074.1	2074.1	2179.79	0.01	0.21
742	1865.1	1865.1	2181.02	0.03	0.62
856	2076.1	2076.1	2181.89	0.01	0.21
858	2080.1	2080.1	2186.1	0.01	0.21
859	2080.1	2080.1	2186.1	0.01	0.21
862	2084.1	2084.1	2190.28	0.01	0.21
865	2086.1	2086.1	2192.39	0.01	0.21
679	1744.1	1744.1	2193.68	0.05	0.89
870	2094.1	2094.1	2200.61	0.01	0.21
684	1749.1	1749.1	2201.34	0.05	0.89
872	2099.1	2099.1	2205.74	0.01	0.21
874	2099.1	2099.1	2205.74	0.01	0.21
142	215.1	215.1	2208.2	0.2	3.94
877	2104.1	2104.1	2210.85	0.01	0.21
878	2108.1	2108.1	2214.95	0.01	0.21
882	2113.1	2113.1	2220.08	0.01	0.21
883	2117.1	2117.1	2224.2	0.01	0.21
884	2118.1	2118.1	2225.24	0.01	0.21
885	2121.1	2121.1	2228.32	0.01	0.21
886	2122.1	2122.1	2229.34	0.01	0.21
888	2125.1	2125.1	2232.41	0.01	0.21
376	1004.1	1004.1	2232.5	0.13	2.43
889	2127.1	2127.1	2234.44	0.01	0.21
891	2134.1	2134.1	2241.57	0.01	0.21
894	2136.1	2136.1	2243.59	0.01	0.21
147	223.1	223.1	2247.57	0.21	4
895	2140.1	2140.1	2247.67	0.01	0.21
897	2149.1	2149.1	2256.88	0.01	0.21
899	2151.1	2151.1	2258.92	0.01	0.21
900	2151.1	2151.1	2258.92	0.01	0.21
901	2153.1	2153.1	2260.95	0.01	0.21
902	2158.1	2158.1	2266	0.01	0.21
388	1014.1	1014.1	2267.56	0.13	2.48
906	2168.1	2168.1	2276.01	0.01	0.21
909	2180.1	2180.1	2288.05	0.01	0.21
910	2180.1	2180.1	2288.05	0.01	0.21
913	2187.1	2187.1	2295.08	0.01	0.21
523	1238.1	1238.1	2302.09	0.11	2.1
914	2196.1	2196.1	2304.14	0.01	0.21
915	2201.1	2201.1	2309.18	0.01	0.21
916	2204.1	2204.1	2312.19	0.01	0.21
159	237.1	237.1	2314.1	0.21	4.11
918	2209.1	2209.1	2317.22	0.01	0.21
919	2211.1	2211.1	2319.25	0.01	0.21
920	2212.1	2212.1	2320.23	0.01	0.21
921	2214.1	2214.1	2322.22	0.01	0.21
922	2215.1	2215.1	2323.21	0.01	0.21
924	2217.1	2217.1	2325.19	0.01	0.21
925	2219.1	2219.1	2327.16	0.01	0.21
926	2220.1	2220.1	2328.14	0.01	0.21
719	1840.1	1840.1	2330.09	0.05	0.97
928	2223.1	2223.1	2331.07	0.01	0.21
929	2223.1	2223.1	2331.07	0.01	0.21
165	241.1	241.1	2332.24	0.21	4.13
725	1845.1	1845.1	2336.85	0.05	0.97
727	1845.1	1845.1	2336.85	0.05	0.97
728	1846.1	1846.1	2338.16	0.05	0.97
530	1259.1	1259.1	2343.89	0.11	2.15
931	2237.1	2237.1	2344.63	0.01	0.21
932	2239.1	2239.1	2346.56	0.01	0.21
731	1853.1	1853.1	2347.34	0.05	0.98
933	2243.1	2243.1	2350.41	0.01	0.21
934	2244.1	2244.1	2351.37	0.01	0.21
402	1041.1	1041.1	2353.84	0.13	2.6
937	2249.1	2249.1	2356.16	0.01	0.21
533	1267.1	1267.1	2359.24	0.11	2.16
743	1865.1	1865.1	2362.69	0.05	0.98
178	252.1	252.1	2378	0.22	4.2
752	1933.1	1933.1	2447.67	0.05	1.02
756	1966.1	1966.1	2489.51	0.05	1.03
758	1967.1	1967.1	2490.78	0.05	1.04
763	1973.1	1973.1	2498.34	0.05	1.04
765	1974.1	1974.1	2499.6	0.05	1.04
766	1975.1	1975.1	2500.86	0.05	1.04
775	1983.1	1983.1	2510.96	0.05	1.04
776	1983.1	1983.1	2510.96	0.05	1.04
782	1990.1	1990.1	2519.71	0.05	1.05
784	1992.1	1992.1	2522.2	0.05	1.05
785	1993.1	1993.1	2523.42	0.05	1.05
787	1993.1	1993.1	2523.42	0.05	1.05
790	1997.1	1997.1	2528.29	0.05	1.05
795	2006.1	2006.1	2539.08	0.05	1.05
744	1865.1	1865.1	2542.32	0.07	1.34
800	2014.1	2014.1	2548.56	0.05	1.06
803	2016.1	2016.1	2550.91	0.05	1.06
805	2016.1	2016.1	2550.91	0.05	1.06
678	1742.1	1742.1	2552.04	0.08	1.6
806	2017.1	2017.1	2552.07	0.05	1.06
807	2017.1	2017.1	2552.07	0.05	1.06
811	2021.1	2021.1	2556.62	0.05	1.06
812	2022.1	2022.1	2557.76	0.05	1.06
214	300.1	300.1	2568.8	0.23	4.49
825	2039.1	2039.1	2576.77	0.05	1.06
829	2043.1	2043.1	2581.14	0.05	1.06
830	2043.1	2043.1	2581.14	0.05	1.06
833	2047.1	2047.1	2585.44	0.05	1.06
834	2049.1	2049.1	2587.59	0.05	1.06
290	873.1	873.1	2588.55	0.18	3.39
835	2053.1	2053.1	2591.86	0.05	1.07
838	2056.1	2056.1	2595.06	0.06	1.07
839	2057.1	2057.1	2596.09	0.06	1.07
840	2059.1	2059.1	2598.2	0.06	1.07
841	2060.1	2060.1	2599.23	0.06	1.07
842	2062.1	2062.1	2601.33	0.06	1.07
845	2064.1	2064.1	2603.4	0.06	1.07
847	2066.1	2066.1	2605.46	0.06	1.07
849	2069.1	2069.1	2608.54	0.06	1.07
853	2071.1	2071.1	2610.57	0.06	1.07
861	2084.1	2084.1	2623.74	0.06	1.07
864	2085.1	2085.1	2624.74	0.06	1.07
876	2103.1	2103.1	2642.56	0.06	1.07
229	322.1	322.1	2646.43	0.24	4.6
879	2109.1	2109.1	2648.46	0.06	1.07
892	2134.1	2134.1	2672.75	0.05	1.07
893	2135.1	2135.1	2673.71	0.05	1.07
237	331.1	331.1	2677.1	0.24	4.64
670	1711.1	1711.1	2682.47	0.1	1.92
896	2147.1	2147.1	2685.26	0.05	1.06
241	334.1	334.1	2687.03	0.24	4.65
242	338.1	338.1	2700.4	0.24	4.67
745	1866.1	1866.1	2720.07	0.09	1.69
676	1741.1	1741.1	2726.33	0.1	1.95
677	1741.1	1741.1	2726.33	0.1	1.95
294	891.1	891.1	2726.4	0.19	3.63
250	359.1	359.1	2771.36	0.25	4.77
936	2247.1	2247.1	2778.57	0.05	1.05
710	1781.1	1781.1	2780.08	0.1	1.98
938	2250.1	2250.1	2781.33	0.05	1.05
712	1788.1	1788.1	2789.16	0.1	1.98
940	2259.1	2259.1	2789.54	0.05	1.05
941	2270.1	2270.1	2799.59	0.05	1.05
942	2273.1	2273.1	2802.33	0.05	1.05
714	1809.1	1809.1	2816.13	0.1	1.99
746	1866.1	1866.1	2887.6	0.1	2.02
912	2186.1	2186.1	3021.87	0.09	1.65
335	945.1	945.1	3044.74	0.21	4.15
798	2007.1	2007.1	3050.13	0.11	2.06
674	1735.1	1735.1	3050.67	0.13	2.6
816	2026.1	2026.1	3069.65	0.11	2.06
836	2053.1	2053.1	3096.29	0.11	2.06
846	2065.1	2065.1	3107.79	0.11	2.06
850	2069.1	2069.1	3111.56	0.11	2.06
352	967.1	967.1	3131.05	0.22	4.28
869	2092.1	2092.1	3132.95	0.11	2.06
355	970.1	970.1	3142.18	0.22	4.29
887	2124.1	2124.1	3161.95	0.11	2.05
890	2131.1	2131.1	3168.21	0.11	2.05
273	474.1	474.1	3179.53	0.28	5.35
905	2165.1	2165.1	3198.34	0.11	2.04
365	994.1	994.1	3226.76	0.23	4.41
375	1009.1	1009.1	3274.22	0.23	4.48
386	1010.1	1010.1	3277.25	0.23	4.48
721	1844.1	1844.1	3348.15	0.15	2.97
722	1844.1	1844.1	3348.15	0.15	2.97
724	1845.1	1845.1	3349.33	0.15	2.97
726	1845.1	1845.1	3349.33	0.15	2.97
738	1861.1	1861.1	3367.81	0.15	2.98
675	1736.1	1736.1	3372.44	0.17	3.24
681	1747.1	1747.1	3387.07	0.17	3.24
416	1053.1	1053.1	3395.97	0.24	4.63
285	536.1	536.1	3424.46	0.29	5.71
419	1069.1	1069.1	3436.25	0.24	4.68
422	1071.1	1071.1	3441.23	0.24	4.69
424	1076.1	1076.1	3453.5	0.24	4.7
425	1081.1	1081.1	3465.52	0.24	4.71
426	1082.1	1082.1	3467.94	0.24	4.72
428	1085.1	1085.1	3475.05	0.24	4.73
754	1964.1	1964.1	3480.7	0.15	3
432	1088.1	1088.1	3482.04	0.24	4.73
433	1089.1	1089.1	3484.32	0.24	4.74
777	1983.1	1983.1	3500.6	0.15	3
438	1099.1	1099.1	3507.11	0.25	4.76
786	1993.1	1993.1	3510.57	0.15	3
788	1995.1	1995.1	3512.52	0.15	3
440	1104.1	1104.1	3518.21	0.25	4.77
747	1867.1	1867.1	3527.8	0.17	3.28
441	1109.1	1109.1	3529.31	0.25	4.79
450	1121.1	1121.1	3555.8	0.25	4.81
451	1121.1	1121.1	3555.8	0.25	4.81
851	2070.1	2070.1	3580.52	0.15	2.99
852	2070.1	2070.1	3580.52	0.15	2.99
857	2078.1	2078.1	3587.28	0.15	2.98
457	1136.1	1136.1	3587.7	0.25	4.85
863	2085.1	2085.1	3593.15	0.15	2.98
460	1139.1	1139.1	3593.9	0.25	4.85
866	2088.1	2088.1	3595.63	0.15	2.98
871	2095.1	2095.1	3601.36	0.15	2.98
463	1143.1	1143.1	3601.96	0.25	4.86
873	2099.1	2099.1	3604.61	0.15	2.98
465	1145.1	1145.1	3605.92	0.25	4.87
471	1154.1	1154.1	3623.28	0.25	4.88
473	1156.1	1156.1	3627.05	0.25	4.89
475	1158.1	1158.1	3630.78	0.25	4.89
671	1714.1	1714.1	3644.23	0.2	3.82
484	1169.1	1169.1	3650.76	0.25	4.91
673	1735.1	1735.1	3669.52	0.2	3.83
680	1745.1	1745.1	3681.54	0.2	3.83
498	1189.1	1189.1	3685.38	0.25	4.94
685	1749.1	1749.1	3686.28	0.2	3.83
686	1749.1	1749.1	3686.28	0.2	3.83
687	1749.1	1749.1	3686.28	0.2	3.83
688	1749.1	1749.1	3686.28	0.2	3.83
689	1749.1	1749.1	3686.28	0.2	3.83
690	1750.1	1750.1	3687.41	0.2	3.83
691	1750.1	1750.1	3687.41	0.2	3.83
692	1750.1	1750.1	3687.41	0.2	3.83
693	1750.1	1750.1	3687.41	0.2	3.83
694	1750.1	1750.1	3687.41	0.2	3.83
695	1751.1	1751.1	3688.5	0.2	3.83
696	1751.1	1751.1	3688.5	0.2	3.83
697	1751.1	1751.1	3688.5	0.2	3.83
698	1751.1	1751.1	3688.5	0.2	3.83
699	1751.1	1751.1	3688.5	0.2	3.83
700	1751.1	1751.1	3688.5	0.2	3.83
701	1751.1	1751.1	3688.5	0.2	3.83
702	1751.1	1751.1	3688.5	0.2	3.83
703	1751.1	1751.1	3688.5	0.2	3.83
704	1751.1	1751.1	3688.5	0.2	3.83
705	1751.1	1751.1	3688.5	0.2	3.83
706	1753.1	1753.1	3690.56	0.2	3.83
501	1194.1	1194.1	3693.4	0.26	4.94
504	1196.1	1196.1	3696.52	0.26	4.94
505	1197.1	1197.1	3698.05	0.26	4.95
707	1767.1	1767.1	3704.76	0.2	3.83
708	1767.1	1767.1	3704.76	0.2	3.83
543	1342.1	1342.1	3903.97	0.26	5.07
78	128.1	128.1	3986.04	0.39	7.63
672	1728.1	1728.1	4178.79	0.25	4.85
709	1780.1	1780.1	4488.62	0.28	5.36
711	1781.1	1781.1	4489.62	0.28	5.36
715	1836.1	1836.1	4543.56	0.28	5.35
716	1838.1	1838.1	4545.51	0.28	5.35
718	1839.1	1839.1	4546.48	0.28	5.35
759	1968.1	1968.1	4662.61	0.28	5.33
770	1977.1	1977.1	4670.45	0.27	5.33
813	2022.1	2022.1	4706.94	0.27	5.31
837	2054.1	2054.1	4731.07	0.27	5.29
904	2163.1	2163.1	4807.62	0.27	5.23
908	2176.1	2176.1	4816.43	0.27	5.22
301	897.1	897.1	5229.4	0.44	8.57
79	130.1	130.1	5255.47	0.52	10.13
302	907.1	907.1	5279.66	0.45	8.65
736	1859.1	1859.1	5309.5	0.35	6.82
314	923.1	923.1	5350.83	0.45	8.76
316	925.1	925.1	5358.94	0.45	8.77
773	1981.1	1981.1	5414.32	0.35	6.79
333	941.1	941.1	5418.02	0.46	8.85
337	946.1	946.1	5433.99	0.46	8.87
342	952.1	952.1	5451.94	0.46	8.9
346	955.1	955.1	5460.56	0.46	8.91
356	978.1	978.1	5523.67	0.46	8.99
357	979.1	979.1	5526.32	0.46	8.99
358	980.1	980.1	5528.94	0.46	8.99
359	986.1	986.1	5544.57	0.47	9.01
361	987.1	987.1	5547.14	0.47	9.02
367	997.1	997.1	5571.87	0.47	9.05
368	997.1	997.1	5571.87	0.47	9.05
369	997.1	997.1	5571.87	0.47	9.05
378	1000.1	1000.1	5578.83	0.47	9.05
374	1003.1	1003.1	5585.64	0.47	9.06
381	1003.1	1003.1	5585.64	0.47	9.06
379	1005.1	1005.1	5590.18	0.47	9.07
380	1008.1	1008.1	5596.85	0.47	9.07
385	1011.1	1011.1	5603.38	0.47	9.08
387	1019.1	1019.1	5620.18	0.47	9.1
390	1020.1	1020.1	5622.23	0.47	9.1
393	1020.1	1020.1	5622.23	0.47	9.1
391	1021.1	1021.1	5624.24	0.47	9.1
396	1024.1	1024.1	5630.17	0.47	9.11
395	1027.1	1027.1	5635.95	0.47	9.11
401	1035.1	1035.1	5651.36	0.47	9.13
397	1039.1	1039.1	5659.12	0.47	9.14
408	1041.1	1041.1	5662.99	0.47	9.14
411	1043.1	1043.1	5666.81	0.47	9.14
409	1049.1	1049.1	5677.95	0.47	9.15
415	1052.1	1052.1	5683.36	0.47	9.16
413	1053.1	1053.1	5685.14	0.47	9.16
434	1090.1	1090.1	5748.9	0.48	9.21
436	1096.1	1096.1	5758.7	0.48	9.22
439	1099.1	1099.1	5763.56	0.48	9.22
458	1137.1	1137.1	5823.32	0.48	9.27
464	1144.1	1144.1	5833.76	0.48	9.27
467	1146.1	1146.1	5836.67	0.48	9.27
469	1152.1	1152.1	5845.24	0.48	9.28
474	1156.1	1156.1	5850.85	0.48	9.28
479	1163.1	1163.1	5860.42	0.48	9.29
485	1170.1	1170.1	5869.7	0.48	9.29
490	1179.1	1179.1	5881.36	0.48	9.3
496	1186.1	1186.1	5890.22	0.48	9.3
503	1196.1	1196.1	5902.65	0.48	9.31
506	1198.1	1198.1	5905.08	0.48	9.31
508	1198.1	1198.1	5905.08	0.48	9.31
510	1201.1	1201.1	5908.65	0.48	9.31
516	1209.1	1209.1	5918.03	0.48	9.31
520	1220.1	1220.1	5930.52	0.48	9.31
527	1255.1	1255.1	5969.7	0.48	9.32
532	1264.1	1264.1	5979.62	0.48	9.32
540	1308.1	1308.1	6027.89	0.48	9.33
541	1312.1	1312.1	6032.18	0.48	9.33
542	1321.1	1321.1	6041.83	0.48	9.33
545	1371.1	1371.1	6095.24	0.48	9.34
546	1404.1	1404.1	6131.35	0.48	9.35
549	1443.1	1443.1	6174.98	0.48	9.36
550	1446.1	1446.1	6178.36	0.48	9.36
551	1466.1	1466.1	6200.82	0.48	9.36
552	1481.1	1481.1	6217.9	0.48	9.37
553	1487.1	1487.1	6224.79	0.48	9.37
555	1501.1	1501.1	6240.72	0.48	9.37
556	1505.1	1505.1	6245.22	0.48	9.37
557	1529.1	1529.1	6272.36	0.48	9.38
558	1558.1	1558.1	6305.04	0.48	9.39
559	1559.1	1559.1	6306.16	0.48	9.39
560	1559.1	1559.1	6306.16	0.48	9.39
561	1560.1	1560.1	6307.26	0.48	9.39
562	1561.1	1561.1	6308.36	0.48	9.39
563	1561.1	1561.1	6308.36	0.48	9.39
564	1562.1	1562.1	6309.44	0.48	9.39
565	1563.1	1563.1	6310.51	0.48	9.39
566	1563.1	1563.1	6310.51	0.48	9.39
567	1564.1	1564.1	6311.56	0.48	9.39
569	1565.1	1565.1	6312.6	0.48	9.39
570	1566.1	1566.1	6313.63	0.48	9.39
571	1566.1	1566.1	6313.63	0.48	9.39
572	1567.1	1567.1	6314.66	0.48	9.39
573	1577.1	1577.1	6324.84	0.48	9.39
574	1578.1	1578.1	6325.85	0.48	9.39
575	1579.1	1579.1	6326.86	0.48	9.39
576	1579.1	1579.1	6326.86	0.48	9.39
577	1580.1	1580.1	6327.86	0.48	9.39
578	1581.1	1581.1	6328.84	0.48	9.39
579	1581.1	1581.1	6328.84	0.48	9.39
580	1582.1	1582.1	6329.81	0.48	9.39
581	1583.1	1583.1	6330.77	0.48	9.39
582	1584.1	1584.1	6331.72	0.48	9.39
583	1584.1	1584.1	6331.72	0.48	9.39
584	1585.1	1585.1	6332.66	0.48	9.39
585	1586.1	1586.1	6333.58	0.48	9.39
586	1586.1	1586.1	6333.58	0.48	9.39
587	1587.1	1587.1	6334.49	0.48	9.39
588	1588.1	1588.1	6335.39	0.48	9.39
589	1589.1	1589.1	6336.29	0.48	9.39
590	1589.1	1589.1	6336.29	0.48	9.39
591	1590.1	1590.1	6337.16	0.48	9.39
592	1591.1	1591.1	6338.03	0.48	9.39
593	1591.1	1591.1	6338.03	0.48	9.39
594	1592.1	1592.1	6338.88	0.48	9.39
595	1593.1	1593.1	6339.73	0.48	9.39
596	1594.1	1594.1	6340.57	0.48	9.39
597	1604.1	1604.1	6349.01	0.48	9.38
598	1605.1	1605.1	6349.85	0.48	9.38
599	1605.1	1605.1	6349.85	0.48	9.38
600	1606.1	1606.1	6350.68	0.48	9.38
601	1616.1	1616.1	6358.92	0.48	9.38
602	1617.1	1617.1	6359.74	0.48	9.38
603	1617.1	1617.1	6359.74	0.48	9.38
604	1618.1	1618.1	6360.54	0.48	9.38
605	1619.1	1619.1	6361.34	0.48	9.38
606	1620.1	1620.1	6362.13	0.48	9.38
607	1620.1	1620.1	6362.13	0.48	9.38
608	1621.1	1621.1	6362.9	0.48	9.38
609	1622.1	1622.1	6363.67	0.48	9.38
610	1622.1	1622.1	6363.67	0.48	9.38
611	1623.1	1623.1	6364.42	0.48	9.38
612	1624.1	1624.1	6365.17	0.48	9.37
613	1625.1	1625.1	6365.92	0.48	9.37
614	1625.1	1625.1	6365.92	0.48	9.37
615	1626.1	1626.1	6366.64	0.48	9.37
616	1627.1	1627.1	6367.37	0.48	9.37
617	1628.1	1628.1	6368.09	0.48	9.37
618	1628.1	1628.1	6368.09	0.48	9.37
619	1629.1	1629.1	6368.79	0.48	9.37
620	1630.1	1630.1	6369.49	0.48	9.37
621	1630.1	1630.1	6369.49	0.48	9.37
622	1631.1	1631.1	6370.17	0.48	9.37
623	1632.1	1632.1	6370.85	0.48	9.37
624	1633.1	1633.1	6371.52	0.48	9.37
625	1633.1	1633.1	6371.52	0.48	9.37
626	1634.1	1634.1	6372.18	0.48	9.37
627	1635.1	1635.1	6372.83	0.48	9.37
628	1635.1	1635.1	6372.83	0.48	9.37
629	1636.1	1636.1	6373.47	0.48	9.37
630	1637.1	1637.1	6374.1	0.48	9.37
631	1638.1	1638.1	6374.72	0.48	9.37
632	1638.1	1638.1	6374.72	0.48	9.37
633	1639.1	1639.1	6375.34	0.48	9.37
634	1640.1	1640.1	6375.95	0.48	9.36
635	1641.1	1641.1	6376.55	0.48	9.36
636	1641.1	1641.1	6376.55	0.48	9.36
637	1642.1	1642.1	6377.14	0.48	9.36
638	1643.1	1643.1	6377.73	0.48	9.36
639	1643.1	1643.1	6377.73	0.48	9.36
640	1644.1	1644.1	6378.3	0.48	9.36
641	1645.1	1645.1	6378.88	0.48	9.36
642	1646.1	1646.1	6379.44	0.48	9.36
643	1703.1	1703.1	6411.74	0.48	9.31
644	1703.1	1703.1	6411.74	0.48	9.31
645	1703.1	1703.1	6411.74	0.48	9.31
646	1703.1	1703.1	6411.74	0.48	9.31
647	1703.1	1703.1	6411.74	0.48	9.31
648	1703.1	1703.1	6411.74	0.48	9.31
649	1703.1	1703.1	6411.74	0.48	9.31
650	1703.1	1703.1	6411.74	0.48	9.31
651	1704.1	1704.1	6412.27	0.48	9.31
652	1704.1	1704.1	6412.27	0.48	9.31
653	1704.1	1704.1	6412.27	0.48	9.31
654	1704.1	1704.1	6412.27	0.48	9.31
655	1704.1	1704.1	6412.27	0.48	9.31
656	1704.1	1704.1	6412.27	0.48	9.31
657	1704.1	1704.1	6412.27	0.48	9.31
658	1704.1	1704.1	6412.27	0.48	9.31
659	1705.1	1705.1	6412.75	0.48	9.31
660	1705.1	1705.1	6412.75	0.48	9.31
661	1705.1	1705.1	6412.75	0.48	9.31
662	1705.1	1705.1	6412.75	0.48	9.31
663	1706.1	1706.1	6413.22	0.48	9.31
664	1707.1	1707.1	6413.68	0.48	9.31
665	1708.1	1708.1	6414.13	0.48	9.31
666	1710.1	1710.1	6415.03	0.48	9.3
667	1710.1	1710.1	6415.03	0.48	9.3
668	1710.1	1710.1	6415.03	0.48	9.3
669	1710.1	1710.1	6415.03	0.48	9.3
723	1845.1	1845.1	6469.6	0.47	9.14
729	1848.1	1848.1	6470.72	0.47	9.14
730	1853.1	1853.1	6472.57	0.47	9.13
732	1855.1	1855.1	6473.3	0.47	9.13
735	1859.1	1859.1	6474.74	0.47	9.13
749	1876.1	1876.1	6480.66	0.47	9.1
753	1948.1	1948.1	6505.31	0.47	9.01
755	1965.1	1965.1	6511.12	0.46	8.99
762	1971.1	1971.1	6513.13	0.46	8.98
767	1975.1	1975.1	6514.44	0.46	8.98
779	1985.1	1985.1	6517.61	0.46	8.96
802	2016.1	2016.1	6526.9	0.46	8.92
804	2016.1	2016.1	6526.9	0.46	8.92
808	2017.1	2017.1	6527.18	0.46	8.92
815	2026.1	2026.1	6529.7	0.46	8.91
822	2038.1	2038.1	6532.98	0.46	8.89
827	2041.1	2041.1	6533.79	0.46	8.88
828	2042.1	2042.1	6534.05	0.46	8.88
831	2044.1	2044.1	6534.57	0.46	8.88
832	2045.1	2045.1	6534.83	0.46	8.88
860	2081.1	2081.1	6543.83	0.46	8.82
867	2089.1	2089.1	6545.76	0.45	8.81
875	2101.1	2101.1	6548.61	0.45	8.79
898	2149.1	2149.1	6559.76	0.45	8.72
903	2162.1	2162.1	6562.71	0.45	8.7
907	2173.1	2173.1	6565.16	0.45	8.68
911	2185.1	2185.1	6567.82	0.45	8.67
917	2209.1	2209.1	6573.09	0.45	8.63
923	2215.1	2215.1	6574.4	0.45	8.62
927	2222.1	2222.1	6575.89	0.44	8.61
935	2246.1	2246.1	6580.97	0.44	8.57
939	2251.1	2251.1	6582.02	0.44	8.56
943	2276.1	2276.1	6587.2	0.44	8.52
944	2283.1	2283.1	6588.64	0.44	8.51
945	2287.1	2287.1	6589.44	0.44	8.51
946	2287.1	2287.1	6589.44	0.44	8.51
947	2294.1	2294.1	6590.83	0.44	8.5
948	2309.1	2309.1	6593.78	0.44	8.47
949	2311.1	2311.1	6594.17	0.44	8.47
950	2325.1	2325.1	6596.88	0.44	8.45
951	2338.1	2338.1	6599.41	0.44	8.43
952	2343.1	2343.1	6600.38	0.43	8.42
953	2348.1	2348.1	6601.34	0.43	8.41
954	2352.1	2352.1	6602.1	0.43	8.4
955	2368.1	2368.1	6605.14	0.43	8.38
956	2369.1	2369.1	6605.32	0.43	8.38
957	2375.1	2375.1	6606.44	0.43	8.37
958	2376.1	2376.1	6606.62	0.43	8.37
959	2381.1	2381.1	6607.52	0.43	8.36
960	2401.1	2401.1	6611.06	0.43	8.32
961	2405.1	2405.1	6611.76	0.43	8.32
962	2413.1	2413.1	6613.14	0.43	8.3
963	2421.1	2421.1	6614.49	0.43	8.29
964	2422.1	2422.1	6614.66	0.43	8.29
965	2423.1	2423.1	6614.82	0.43	8.29
966	2466.1	2466.1	6621.77	0.42	8.22
967	2471.1	2471.1	6622.56	0.42	8.21
968	2490.1	2490.1	6625.54	0.42	8.18
969	2491.1	2491.1	6625.7	0.42	8.18
970	2492.1	2492.1	6625.85	0.42	8.17
971	2493.1	2493.1	6626	0.42	8.17
972	2493.1	2493.1	6626	0.42	8.17
973	2494.1	2494.1	6626.14	0.42	8.17
974	2495.1	2495.1	6626.28	0.42	8.17
975	2496.1	2496.1	6626.42	0.42	8.17
976	2496.1	2496.1	6626.42	0.42	8.17
977	2497.1	2497.1	6626.56	0.42	8.17
978	2498.1	2498.1	6626.69	0.42	8.16
979	2499.1	2499.1	6626.82	0.42	8.16
980	2499.1	2499.1	6626.82	0.42	8.16
981	2500.1	2500.1	6626.94	0.42	8.16
982	2501.1	2501.1	6627.07	0.42	8.16
983	2501.1	2501.1	6627.07	0.42	8.16
984	2502.1	2502.1	6627.18	0.42	8.16
985	2503.1	2503.1	6627.3	0.42	8.16
986	2504.1	2504.1	6627.41	0.42	8.15
987	2504.1	2504.1	6627.41	0.42	8.15
988	2505.1	2505.1	6627.52	0.42	8.15
989	2506.1	2506.1	6627.63	0.42	8.15
990	2506.1	2506.1	6627.63	0.42	8.15
991	2507.1	2507.1	6627.73	0.42	8.15
992	2508.1	2508.1	6627.83	0.42	8.15
993	2509.1	2509.1	6627.92	0.42	8.14
994	2509.1	2509.1	6627.92	0.42	8.14
995	2510.1	2510.1	6628.02	0.42	8.14
996	2511.1	2511.1	6628.1	0.42	8.14
997	2512.1	2512.1	6628.2	0.42	8.14
998	2512.1	2512.1	6628.2	0.42	8.14
999	2513.1	2513.1	6628.28	0.42	8.14
60	112.1	112.1	6974.92	0.7	13.57
13	67.1	67.1	7025.1	0.71	13.76
56	107.1	107.1	7087.7	0.71	13.8
57	108.1	108.1	7088.44	0.71	13.8
58	108.1	108.1	7088.44	0.71	13.8
59	110.1	110.1	7089.83	0.71	13.8
796	2007.1	2007.1	7121.23	0.52	10.11
129	191.1	191.1	7127.54	0.71	13.72
136	198.1	198.1	7129.89	0.71	13.71
265	439.1	439.1	7191.22	0.69	13.35
266	440.1	440.1	7191.47	0.69	13.35
272	457.1	457.1	7195.69	0.69	13.32
275	483.1	483.1	7202.02	0.69	13.29
276	489.1	489.1	7203.48	0.69	13.28
277	495.1	495.1	7204.88	0.68	13.27
284	524.1	524.1	7211.57	0.68	13.22
351	965.1	965.1	7356.04	0.65	12.64
384	1018.1	1018.1	7365.35	0.65	12.55
403	1047.1	1047.1	7369.4	0.65	12.5
476	1158.1	1158.1	7382.06	0.64	12.31
499	1192.1	1192.1	7385.1	0.63	12.25
534	1278.1	1278.1	7391.63	0.62	12.09
544	1353.1	1353.1	7396.82	0.62	11.95
554	1489.1	1489.1	7406.05	0.6	11.7
568	1564.1	1564.1	7411.01	0.6	11.56
750	1882.1	1882.1	7425.49	0.57	10.96
868	2090.1	2090.1	7432.04	0.55	10.56
880	2110.1	2110.1	7432.54	0.54	10.52
881	2112.1	2112.1	7432.65	0.54	10.52
930	2231.1	2231.1	7434.95	0.53	10.29
267	443.1	443.1	7450.33	0.72	13.86
287	584.1	584.1	7460.89	0.7	13.6
548	1441.1	1441.1	7511.41	0.62	12
10	58.1	58.1	7573.74	0.77	14.86
317	926.1	926.1	7627.08	0.68	13.25
507	1198.1	1198.1	7632.86	0.66	12.72
778	1984.1	1984.1	7638.96	0.58	11.18
199	276.1	276.1	7739.28	0.76	14.76
