0	1	1	15.4	0	0.03
1	21	21	24.6	0	0.01
2	41	41	44.6	0	0.01
3	51	51	54.6	0	0.01
5	55	55	56.2	0	0
6	56	56	57.2	0	0
8	58	58	65.2	0	0.01
4	52	52	66.4	0	0.03
11	60	60	67.2	0	0.02
12	61	61	68.2	0	0.01
14	68	68	69.2	0	0
7	57	57	70.2	0	0.02
15	70	70	71.2	0	0
16	71	71	72.2	0	0
9	58	58	72.4	0	0.03
17	73	73	74.2	0	0
19	74	74	75.2	0	0
18	74	74	75.92	0	0
21	75	75	76.2	0	0
22	75	75	76.2	0	0
20	75	75	77.4	0	0
24	77	77	78.2	0	0
25	77	77	78.2	0	0
26	78	78	79.2	0	0
27	79	79	80.2	0	0
28	80	80	81.2	0	0
23	76	76	83.2	0	0.01
31	82	82	83.92	0	0
30	82	82	84.4	0	0
29	81	81	84.6	0	0.01
32	84	84	85.2	0	0
33	85	85	87.4	0	0
34	87	87	88.2	0	0
39	88	88	89.2	0	0
35	87	87	90.6	0	0.01
36	87	87	90.6	0	0.01
37	87	87	90.6	0	0.01
38	87	87	90.6	0	0.01
41	90	90	91.2	0	0
40	89	89	91.4	0	0
42	92	92	93.2	0	0
44	95	95	96.2	0	0
43	95	95	98.84	0	0.01
45	98	98	99.2	0	0
47	99	99	99.24	0	0
49	101	101	102.2	0	0
46	99	99	102.6	0	0.01
51	105	105	106.92	0	0
55	106	106	107.2	0	0
53	105	105	107.4	0	0
54	105	105	108.6	0	0.01
50	104	104	111.2	0	0.01
61	114	114	115.2	0	0
64	116	116	119.6	0	0.01
65	116	116	119.6	0	0.01
52	105	105	120.4	0	0.03
62	116	116	121.8	0	0.01
48	101	101	121.8	0	0.03
13	68	68	122.24	0.01	0.11
63	116	116	122.72	0	0.01
67	122	122	124.4	0	0
68	123	123	125.4	0	0
72	127	127	127.48	0	0
77	128	128	128.96	0	0
76	128	128	129.2	0	0
71	127	127	130.6	0	0.01
73	127	127	130.6	0	0.01
74	127	127	130.6	0	0.01
75	127	127	130.6	0	0.01
81	133	133	134.2	0	0
83	134	134	135.2	0	0
84	134	134	135.2	0	0
85	134	134	135.2	0	0
82	134	134	136	0	0
80	132	132	136.8	0	0.01
87	138	138	140.4	0	0
88	138	138	140.4	0	0
92	144	144	145.2	0	0
94	146	146	147.2	0	0
90	143	143	147.8	0	0.01
106	153	153	154.2	0	0
97	148	148	155.31	0	0.01
105	153	153	155.4	0	0
102	152	152	155.6	0	0.01
95	148	148	156.4	0	0.01
111	157	157	157.72	0	0
66	120	120	157.96	0	0.07
101	151	151	158.51	0	0.02
108	156	156	158.6	0	0
107	155	155	159.1	0	0.01
98	148	148	159.44	0	0.02
103	153	153	160.2	0	0.01
57	109	109	160.68	0.01	0.09
86	137	137	161.26	0	0.04
96	148	148	161.4	0	0.02
91	144	144	162.27	0	0.04
112	158	158	162.8	0	0.01
93	145	145	164	0	0.04
115	162	162	165.6	0	0.01
113	162	162	166.6	0	0.01
100	151	151	167.5	0	0.03
99	148	148	167.99	0	0.04
114	162	162	169.2	0	0.01
117	166	166	170	0	0.01
116	163	163	170.2	0	0.01
104	153	153	171	0	0.04
120	171	171	172.19	0	0
119	171	171	172.44	0	0
110	157	157	173.73	0	0.03
121	174	174	174.24	0	0
122	175	175	176.2	0	0
109	156	156	176.22	0	0.04
118	166	166	178	0	0.02
78	129	129	178.11	0.01	0.08
123	177	177	178.2	0	0
69	124	124	178.69	0.01	0.1
70	127	127	180.03	0.01	0.1
56	108	108	180.63	0.01	0.13
125	186	186	187.2	0	0
126	187	187	187.24	0	0
58	109	109	188.87	0.01	0.13
127	189	189	190.2	0	0
128	190	190	190.24	0	0
131	194	194	194.24	0	0
130	192	192	195.59	0	0.01
133	196	196	196.24	0	0
124	183	183	197.4	0	0.03
134	198	198	198.24	0	0
135	199	199	200.2	0	0
89	141	141	201.59	0.01	0.12
137	202	202	202.24	0	0
138	204	204	204.24	0	0
132	194	194	208.4	0	0.02
140	208	208	208.72	0	0
139	206	206	210.8	0	0.01
141	210	210	211.2	0	0
143	216	216	217.2	0	0
10	59	59	217.86	0.02	0.31
144	218	218	218.24	0	0
60	113	113	218.26	0.01	0.21
79	131	131	221.59	0.01	0.17
146	223	223	223.48	0	0
149	225	225	225.72	0	0
148	225	225	226.2	0	0
59	111	111	227.23	0.01	0.22
150	227	227	227.24	0	0
145	221	221	228.2	0	0.01
153	229	229	229.24	0	0
152	229	229	229.48	0	0
154	230	230	230.24	0	0
142	216	216	230.64	0	0.02
155	231	231	231.24	0	0
151	228	228	231.6	0	0.01
157	233	233	233.48	0	0
158	237	237	237.24	0	0
147	224	224	238.64	0	0.02
160	239	239	239.24	0	0
162	240	240	241.2	0	0
164	241	241	241.24	0	0
163	241	241	242.2	0	0
161	239	239	242.6	0	0.01
167	243	243	243.24	0	0
168	243	243	244.2	0	0
172	246	246	246.24	0	0
166	243	243	246.59	0	0.01
170	246	246	247.2	0	0
171	246	246	247.2	0	0
156	232	232	247.59	0	0.03
169	245	245	248.6	0	0.01
173	250	250	250.24	0	0
136	199	199	250.83	0.01	0.1
174	251	251	252.2	0	0
176	252	252	252.24	0	0
175	251	251	252.6	0	0
177	253	253	253.8	0	0
179	255	255	255.72	0	0
181	256	256	256.24	0	0
182	256	256	256.24	0	0
180	255	255	257	0	0
165	242	242	257.2	0	0.03
183	257	257	258.2	0	0
184	258	258	258.24	0	0
185	259	259	259.8	0	0
186	263	263	264.2	0	0
187	267	267	267.24	0	0
178	253	253	267.8	0	0.02
159	238	238	268.24	0	0.06
188	267	267	268.6	0	0
190	269	269	269.24	0	0
189	269	269	269.48	0	0
191	271	271	271.24	0	0
192	273	273	273.24	0	0
195	274	274	274.24	0	0
193	273	273	275	0	0
129	192	192	275.14	0.01	0.16
194	274	274	275.2	0	0
196	276	276	277.2	0	0
197	277	277	277.24	0	0
198	277	277	280.6	0	0.01
201	281	281	282.2	0	0
200	278	278	282.8	0	0.01
202	282	282	283.2	0	0
203	283	283	284.2	0	0
204	286	286	286.24	0	0
205	290	290	290.24	0	0
206	291	291	291.24	0	0
207	291	291	291.24	0	0
209	294	294	294.48	0	0
211	296	296	296.24	0	0
210	296	296	297.2	0	0
208	291	291	298.2	0	0.01
212	299	299	299.24	0	0
213	299	299	300.2	0	0
215	301	301	302.2	0	0
217	303	303	303.24	0	0
218	305	305	305.24	0	0
221	306	306	306.24	0	0
222	306	306	306.24	0	0
216	302	302	309.2	0	0.01
225	309	309	309.24	0	0
224	309	309	309.48	0	0
226	310	310	310.24	0	0
220	305	305	312.2	0	0.01
223	307	307	314.2	0	0.01
214	301	301	315.64	0	0.03
219	305	305	319.4	0	0.03
227	315	315	319.8	0	0.01
228	322	322	323.2	0	0
230	323	323	324.2	0	0
231	323	323	324.2	0	0
232	324	324	325.2	0	0
233	326	326	326.24	0	0
234	327	327	328.2	0	0
235	328	328	330.4	0	0
236	330	330	333.6	0	0.01
240	334	334	334.24	0	0
238	332	332	335.6	0	0.01
239	333	333	343.8	0	0.02
243	341	341	344.6	0	0.01
245	345	345	346.2	0	0
237	332	332	346.4	0	0.02
246	348	348	349.2	0	0
241	335	335	349.4	0	0.03
244	344	344	351.2	0	0.01
242	339	339	353.4	0	0.02
229	323	323	355.4	0	0.06
247	352	352	359.2	0	0.01
249	358	358	360.4	0	0
248	355	355	362.2	0	0.01
251	364	364	371.2	0	0.02
250	360	360	374.4	0	0.03
252	379	379	380.2	0	0
253	380	380	380.24	0	0
255	385	385	385.24	0	0
254	385	385	386.2	0	0
256	388	388	388.24	0	0
257	390	390	391.2	0	0
258	392	392	392.24	0	0
259	397	397	399.4	0	0
260	402	402	402.24	0	0
261	403	403	403.24	0	0
262	404	404	404.24	0	0
263	423	423	423.24	0	0
264	434	434	435.2	0	0
268	451	451	452.2	0	0
270	455	455	456.2	0	0
269	454	454	456.4	0	0
271	456	456	457.2	0	0
274	479	479	480.2	0	0
265	440	440	483.2	0	0.07
266	441	441	484.2	0	0.08
273	475	475	489.4	0	0.03
272	458	458	501.2	0	0.07
278	504	504	504.24	0	0
199	277	277	506.04	0.02	0.44
267	444	444	507.2	0.01	0.11
279	508	508	508.24	0	0
280	511	511	511.24	0	0
282	518	518	518.24	0	0
283	520	520	520.24	0	0
281	517	517	524.2	0	0.02
275	484	484	527.2	0	0.07
276	490	490	533.2	0	0.08
277	496	496	544.8	0	0.08
286	546	546	547.2	0	0
285	537	537	551.4	0	0.02
284	525	525	568.2	0	0.09
287	585	585	642.6	0.01	0.1
288	872	872	875.6	0	0.01
289	873	873	876.6	0	0.01
291	877	877	880.6	0	0.01
290	874	874	881.2	0	0.01
292	882	882	885.6	0	0.01
293	882	882	885.6	0	0.01
300	897	897	898.2	0	0
296	897	897	898.2	0	0
297	897	897	898.2	0	0
298	897	897	898.2	0	0
299	897	897	898.2	0	0
294	892	892	899.2	0	0.01
295	896	896	899.6	0	0.01
303	909	909	910.2	0	0
304	909	909	910.2	0	0
305	910	910	911.2	0	0
306	911	911	912.2	0	0
301	898	898	912.4	0	0.03
307	912	912	913.2	0	0
308	913	913	914.2	0	0
309	914	914	915.2	0	0
310	916	916	917.2	0	0
311	920	920	921.2	0	0
313	921	921	922.2	0	0
302	908	908	924.8	0	0.03
315	924	924	925.2	0	0
312	920	920	926	0	0.01
318	930	930	933.6	0	0.01
319	930	930	933.6	0	0.01
320	931	931	934.6	0	0.01
321	935	935	935.24	0	0
322	936	936	936.24	0	0
325	937	937	937.24	0	0
329	938	938	939.2	0	0
323	936	936	939.6	0	0.01
330	939	939	940.2	0	0
331	939	939	940.2	0	0
314	924	924	940.8	0	0.03
328	938	938	941.6	0	0.01
324	936	936	942	0	0.01
316	926	926	942.8	0	0.03
334	943	943	943.31	0	0
326	938	938	944	0	0.01
327	938	938	945.2	0	0.01
332	942	942	945.6	0	0.01
336	946	946	947.2	0	0
340	948	948	949.2	0	0
338	948	948	949.2	0	0
339	948	948	949.2	0	0
341	948	948	951.6	0	0.01
335	946	946	953.2	0	0.01
345	954	954	955.2	0	0
343	954	954	956.4	0	0
333	942	942	957.6	0	0.03
344	954	954	957.6	0	0.01
347	957	957	957.72	0	0
348	958	958	959.2	0	0
349	958	958	959.2	0	0
350	961	961	964.6	0	0.01
342	953	953	967.4	0	0.02
353	969	969	970.2	0	0
346	956	956	970.4	0	0.03
354	970	970	973.6	0	0.01
352	968	968	975.2	0	0.01
337	947	947	976.04	0	0.05
355	971	971	978.2	0	0.01
362	988	988	989.2	0	0
360	988	988	991.6	0	0.01
363	991	991	992.2	0	0
356	979	979	993.4	0	0.03
358	981	981	995.4	0	0.02
364	995	995	996.2	0	0
366	996	996	997.2	0	0
370	999	999	1000.2	0	0
365	995	995	1002.2	0	0.01
373	1002	1002	1003.2	0	0
371	1000	1000	1003.6	0	0.01
372	1003	1003	1004.2	0	0
359	987	987	1004.8	0	0.03
376	1005	1005	1009.8	0	0.01
382	1012	1012	1015.6	0	0.01
357	980	980	1016.59	0	0.06
383	1016	1016	1017.2	0	0
386	1011	1011	1018.2	0	0.01
374	1004	1004	1018.4	0	0.03
377	1007	1007	1020.3	0	0.02
375	1010	1010	1022.4	0	0.02
380	1009	1009	1025.8	0	0.03
361	988	988	1026	0	0.08
389	1023	1023	1026.6	0	0.01
369	998	998	1026.8	0	0.06
392	1025	1025	1027.4	0	0
394	1025	1025	1027.4	0	0
368	998	998	1028.19	0	0.05
388	1015	1015	1028.99	0	0.02
379	1006	1006	1031.4	0	0.05
378	1001	1001	1032.18	0	0.05
400	1032	1032	1032.48	0	0
398	1031	1031	1032.79	0	0
399	1032	1032	1033.2	0	0
385	1012	1012	1035.2	0	0.04
393	1021	1021	1035.4	0	0.03
390	1021	1021	1038.04	0	0.03
396	1025	1025	1039.4	0	0.03
367	998	998	1045.12	0	0.08
404	1045	1045	1045.48	0	0
405	1045	1045	1045.48	0	0
395	1028	1028	1046.24	0	0.03
402	1042	1042	1046.8	0	0.01
407	1044	1044	1049.02	0	0.01
410	1049	1049	1050.2	0	0
406	1049	1049	1050.2	0	0
351	966	966	1051.32	0.01	0.18
381	1004	1004	1053.72	0.01	0.1
408	1042	1042	1056.4	0	0.02
412	1057	1057	1057.24	0	0
416	1054	1054	1061.2	0	0.01
417	1052	1052	1061.6	0	0.02
414	1060	1060	1062.4	0	0
409	1050	1050	1064.4	0	0.03
384	1019	1019	1064.84	0	0.09
415	1053	1053	1067.4	0	0.02
387	1020	1020	1068.09	0	0.08
418	1068	1068	1070.4	0	0
391	1022	1022	1071.72	0.01	0.1
419	1070	1070	1077.2	0	0.01
420	1077	1077	1077.24	0	0
421	1075	1075	1078.6	0	0.01
423	1075	1075	1078.6	0	0.01
422	1072	1072	1079.2	0	0.01
397	1040	1040	1081.38	0	0.07
401	1036	1036	1081.58	0	0.1
411	1044	1044	1083.58	0	0.08
413	1054	1054	1084	0	0.06
424	1077	1077	1084.2	0	0.01
429	1086	1086	1086.24	0	0
430	1088	1088	1089.2	0	0
425	1082	1082	1089.2	0	0.01
426	1083	1083	1090.2	0	0.01
427	1083	1083	1090.2	0	0.01
431	1088	1088	1090.4	0	0.01
428	1086	1086	1093.2	0	0.01
435	1095	1095	1095.24	0	0
432	1089	1089	1096.2	0	0.01
317	927	927	1101.08	0.02	0.29
437	1099	1099	1101.24	0	0
433	1090	1090	1104.4	0	0.03
434	1091	1091	1105.4	0	0.03
438	1100	1100	1107.2	0	0.01
436	1097	1097	1111.4	0	0.03
440	1105	1105	1112.2	0	0.01
403	1048	1048	1114	0.01	0.13
439	1100	1100	1114.4	0	0.03
441	1110	1110	1117.2	0	0.02
443	1117	1117	1117.24	0	0
444	1117	1117	1118.2	0	0
442	1115	1115	1118.6	0	0.01
446	1120	1120	1121.2	0	0
449	1121	1121	1121.24	0	0
445	1118	1118	1121.6	0	0.01
447	1121	1121	1123.4	0	0
448	1121	1121	1123.4	0	0
450	1122	1122	1129.2	0	0.01
451	1122	1122	1129.2	0	0.02
453	1128	1128	1129.2	0	0
452	1128	1128	1131.6	0	0.01
454	1132	1132	1133.2	0	0
455	1134	1134	1134.24	0	0
456	1135	1135	1138.6	0	0.01
459	1140	1140	1142.4	0	0
461	1142	1142	1143.2	0	0
462	1142	1142	1143.2	0	0
457	1137	1137	1144.2	0	0.01
460	1140	1140	1147.2	0	0.01
466	1147	1147	1148.2	0	0
463	1144	1144	1151.2	0	0.01
465	1146	1146	1153.2	0	0.01
458	1138	1138	1155.8	0	0.03
468	1149	1149	1156	0	0.01
472	1155	1155	1157.4	0	0
464	1145	1145	1161.8	0	0.03
467	1147	1147	1161.8	0	0.02
471	1155	1155	1162.2	0	0.02
478	1162	1162	1163.2	0	0
477	1161	1161	1163.8	0	0
470	1154	1154	1164	0	0.02
473	1157	1157	1164.2	0	0.01
480	1164	1164	1165.2	0	0
475	1159	1159	1166.2	0	0.01
481	1164	1164	1166.4	0	0.01
482	1165	1165	1167.4	0	0
483	1166	1166	1168.4	0	0
469	1153	1153	1170.8	0	0.03
486	1171	1171	1173.4	0	0
487	1173	1173	1174.2	0	0
474	1157	1157	1177.6	0	0.04
488	1178	1178	1180.4	0	0
484	1170	1170	1181	0	0.02
491	1180	1180	1182.4	0	0.01
492	1182	1182	1183.2	0	0
489	1179	1179	1183.8	0	0.01
494	1183	1183	1184.2	0	0
479	1164	1164	1184.2	0	0.04
493	1183	1183	1185.4	0	0
485	1171	1171	1187.8	0	0.03
495	1183	1183	1187.8	0	0.01
497	1189	1189	1189.24	0	0
490	1180	1180	1194.4	0	0.03
498	1190	1190	1197.2	0	0.01
496	1187	1187	1215.8	0	0.05
476	1159	1159	1217.8	0.01	0.11
499	1193	1193	1236.2	0	0.08
